300 0.0185161 0.0333749 0.018054
301 0.0185905 0.0331637 0.0181275
302 0.018665 0.032969 0.0182011
303 0.0187397 0.0327898 0.018275
304 0.0188145 0.0326253 0.018349
305 0.0188894 0.0324747 0.0184232
306 0.0189645 0.0323371 0.0184977
307 0.0190397 0.0322119 0.0185723
308 0.019115 0.0320983 0.0186471
309 0.0191904 0.0319958 0.0187221
310 0.019266 0.0319037 0.0187973
311 0.0193417 0.0318215 0.0188727
312 0.0194175 0.0317485 0.0189483
313 0.0194935 0.0316844 0.0190241
314 0.0195696 0.0316285 0.0191
315 0.0196458 0.0315806 0.0191762
316 0.0197222 0.0315401 0.0192525
317 0.0197986 0.0315067 0.0193291
318 0.0198752 0.0314799 0.0194058
319 0.019952 0.0314595 0.0194827
320 0.0200288 0.031445 0.0195598
321 0.0201058 0.0314363 0.019637
322 0.020183 0.0314329 0.0197145
323 0.0202602 0.0314346 0.0197921
324 0.0203376 0.0314411 0.0198699
325 0.0204151 0.0314522 0.019948
326 0.0204927 0.0314677 0.0200261
327 0.0205705 0.0314873 0.0201045
328 0.0206484 0.0315109 0.0201831
329 0.0207264 0.0315381 0.0202618
330 0.0208045 0.0315689 0.0203407
331 0.0208828 0.0316031 0.0204198
332 0.0209612 0.0316405 0.0204991
333 0.0210397 0.0316809 0.0205785
334 0.0211184 0.0317242 0.0206582
335 0.0211972 0.0317703 0.020738
336 0.0212761 0.0318189 0.020818
337 0.0213551 0.0318701 0.0208981
338 0.0214343 0.0319237 0.0209785
339 0.0215136 0.0319795 0.021059
340 0.021593 0.0320375 0.0211397
341 0.0216725 0.0320976 0.0212206
342 0.0217522 0.0321596 0.0213016
343 0.021832 0.0322235 0.0213828
344 0.0219119 0.0322891 0.0214642
345 0.021992 0.0323565 0.0215458
346 0.0220721 0.0324256 0.0216275
347 0.0221524 0.0324962 0.0217094
348 0.0222329 0.0325682 0.0217915
349 0.0223134 0.0326418 0.0218737
350 0.0223941 0.0327166 0.0219561
351 0.0224749 0.0327928 0.0220387
352 0.0225559 0.0328703 0.0221215
353 0.0226369 0.0329489 0.0222044
354 0.0227181 0.0330287 0.0222875
355 0.0227994 0.0331096 0.0223707
356 0.0228809 0.0331915 0.0224541
357 0.0229624 0.0332745 0.0225377
358 0.0230441 0.0333585 0.0226215
359 0.0231259 0.0334433 0.0227054
360 0.0232079 0.0335291 0.0227895
361 0.02329 0.0336157 0.0228737
362 0.0233722 0.0337032 0.0229581
363 0.0234545 0.0337915 0.0230427
364 0.0235369 0.0338805 0.0231274
365 0.0236195 0.0339703 0.0232123
366 0.0237022 0.0340607 0.0232974
367 0.023785 0.0341519 0.0233826
368 0.023868 0.0342437 0.0234679
369 0.0239511 0.0343362 0.0235535
370 0.0240343 0.0344293 0.0236392
371 0.0241176 0.0345229 0.023725
372 0.024201 0.0346172 0.023811
373 0.0242846 0.0347119 0.0238972
374 0.0243683 0.0348073 0.0239835
375 0.0244521 0.0349031 0.02407
376 0.0245361 0.0349994 0.0241566
377 0.0246202 0.0350962 0.0242434
378 0.0247044 0.0351935 0.0243303
379 0.0247887 0.0352912 0.0244174
380 0.0248731 0.0353894 0.0245047
381 0.0249577 0.035488 0.0245921
382 0.0250424 0.035587 0.0246796
383 0.0251272 0.0356863 0.0247673
384 0.0252122 0.0357861 0.0248552
385 0.0252972 0.0358863 0.0249432
386 0.0253824 0.0359868 0.0250314
387 0.0254678 0.0360876 0.0251197
388 0.0255532 0.0361888 0.0252081
389 0.0256388 0.0362903 0.0252967
390 0.0257245 0.0363922 0.0253855
391 0.0258103 0.0364943 0.0254744
392 0.0258962 0.0365968 0.0255634
393 0.0259823 0.0366996 0.0256526
394 0.0260685 0.0368026 0.025742
395 0.0261548 0.0369059 0.0258314
396 0.0262412 0.0370095 0.0259211
397 0.0263278 0.0371134 0.0260108
398 0.0264145 0.0372175 0.0261007
399 0.0265013 0.0373219 0.0261908
400 0.0265882 0.0374265 0.026281

