300 0.00089889
301.5 0.000900994
303 0.000903099
304.5 0.000905203
306 0.000907308
307.5 0.000909412
309 0.000911516
310.5 0.000913621
312 0.000915725
313.5 0.00091783
315 0.000919934
316.5 0.000922039
318 0.000924143
319.5 0.000926248
321 0.000928352
322.5 0.000930457
324 0.000932561
325.5 0.000934665
327 0.00093677
328.5 0.000938874
330 0.000940979
331.5 0.000943083
333 0.000945188
334.5 0.000947292
336 0.000949397
337.5 0.000951501
339 0.000953605
340.5 0.00095571
342 0.000957814
343.5 0.000959919
345 0.000962023
346.5 0.000964128
348 0.000966232
349.5 0.000968337
351 0.000970441
352.5 0.000972546
354 0.00097465
355.5 0.000976754
357 0.000978859
358.5 0.000980963
360 0.000983068
361.5 0.000985172
363 0.000987277
364.5 0.000989381
366 0.000991486
367.5 0.00099359
369 0.000995694
370.5 0.000997799
372 0.000999903
373.5 0.00100201
375 0.00100411
376.5 0.00100622
378 0.00100832
379.5 0.00101043
381 0.00101253
382.5 0.00101463
384 0.00101674
385.5 0.00101884
387 0.00102095
388.5 0.00102305
390 0.00102516
391.5 0.00102726
393 0.00102937
394.5 0.00103147
396 0.00103357
397.5 0.00103568
399 0.00103778
400.5 0.00103989
402 0.00104199
403.5 0.0010441
405 0.0010462
406.5 0.00104831
408 0.00105041
409.5 0.00105251
411 0.00105462
412.5 0.00105672
414 0.00105883
415.5 0.00106093
417 0.00106304
418.5 0.00106514
420 0.00106725
421.5 0.00106935
423 0.00107145
424.5 0.00107356
426 0.00107566
427.5 0.00107777
429 0.00107987
430.5 0.00108198
432 0.00108408
433.5 0.00108619
435 0.00108829
436.5 0.00109039
438 0.0010925
439.5 0.0010946
441 0.00109671
442.5 0.00109881
444 0.00110092
445.5 0.00110302
447 0.00110513
448.5 0.00110723
450 0.00110933
451.5 0.00111144
453 0.00111354
454.5 0.00111565
456 0.00111775
457.5 0.00111986
459 0.00112196
460.5 0.00112407
462 0.00112617
463.5 0.00112827
465 0.00113038
466.5 0.00113248
468 0.00113459
469.5 0.00113669
471 0.0011388
472.5 0.0011409
474 0.00114301
475.5 0.00114511
477 0.00114721
478.5 0.00114932
480 0.00115142
481.5 0.00115353
483 0.00115563
484.5 0.00115774
486 0.00115984
487.5 0.00116195
489 0.00116405
490.5 0.00116615
492 0.00116826
493.5 0.00117036
495 0.00117247
496.5 0.00117457
498 0.00117668
499.5 0.00117878
501 0.00118089
502.5 0.00118299
504 0.00118509
505.5 0.0011872
507 0.0011893
508.5 0.00119141
510 0.00119351
511.5 0.00119562
513 0.00119772
514.5 0.00119983
516 0.00120193
517.5 0.00120403
519 0.00120614
520.5 0.00120824
522 0.00121035
523.5 0.00121245
525 0.00121456
526.5 0.00121666
528 0.00121877
529.5 0.00122087
531 0.00122297
532.5 0.00122508
534 0.00122718
535.5 0.00122929
537 0.00123139
538.5 0.0012335
540 0.0012356
541.5 0.00123771
543 0.00123981
544.5 0.00124191
546 0.00124402
547.5 0.00124612
549 0.00124823
550.5 0.00125033
552 0.00125244
553.5 0.00125454
555 0.00125665
556.5 0.00125875
558 0.00126086
559.5 0.00126296
561 0.00126506
562.5 0.00126717
564 0.00126927
565.5 0.00127138
567 0.00127348
568.5 0.00127559
570 0.00127769
571.5 0.0012798
573 0.0012819
574.5 0.001284
576 0.00128611
577.5 0.00128821
579 0.00129032
580.5 0.00129242
582 0.00129453
583.5 0.00129663
585 0.00129874
586.5 0.00130084
588 0.00130294
589.5 0.00130505
591 0.00130715
592.5 0.00130926
594 0.00131136
595.5 0.00131347
597 0.00131557
598.5 0.00131768

