300 0.000949541
301.5 0.000954289
303 0.000959037
304.5 0.000963784
306 0.000968532
307.5 0.00097328
309 0.000978028
310.5 0.000982775
312 0.000987523
313.5 0.000992271
315 0.000997018
316.5 0.00100177
318 0.00100651
319.5 0.00101126
321 0.00101601
322.5 0.00102076
324 0.0010255
325.5 0.00103025
327 0.001035
328.5 0.00103975
330 0.0010445
331.5 0.00104924
333 0.00105399
334.5 0.00105874
336 0.00106349
337.5 0.00106823
339 0.00107298
340.5 0.00107773
342 0.00108248
343.5 0.00108722
345 0.00109197
346.5 0.00109672
348 0.00110147
349.5 0.00110622
351 0.00111096
352.5 0.00111571
354 0.00112046
355.5 0.00112521
357 0.00112995
358.5 0.0011347
360 0.00113945
361.5 0.0011442
363 0.00114894
364.5 0.00115369
366 0.00115844
367.5 0.00116319
369 0.00116794
370.5 0.00117268
372 0.00117743
373.5 0.00118218
375 0.00118693
376.5 0.00119167
378 0.00119642
379.5 0.00120117
381 0.00120592
382.5 0.00121067
384 0.00121541
385.5 0.00122016
387 0.00122491
388.5 0.00122966
390 0.0012344
391.5 0.00123915
393 0.0012439
394.5 0.00124865
396 0.00125339
397.5 0.00125814
399 0.00126289
400.5 0.00126764
402 0.00127239
403.5 0.00127713
405 0.00128188
406.5 0.00128663
408 0.00129138
409.5 0.00129612
411 0.00130087
412.5 0.00130562
414 0.00131037
415.5 0.00131511
417 0.00131986
418.5 0.00132461
420 0.00132936
421.5 0.00133411
423 0.00133885
424.5 0.0013436
426 0.00134835
427.5 0.0013531
429 0.00135784
430.5 0.00136259
432 0.00136734
433.5 0.00137209
435 0.00137683
436.5 0.00138158
438 0.00138633
439.5 0.00139108
441 0.00139583
442.5 0.00140057
444 0.00140532
445.5 0.00141007
447 0.00141482
448.5 0.00141956
450 0.00142431
451.5 0.00142906
453 0.00143381
454.5 0.00143856
456 0.0014433
457.5 0.00144805
459 0.0014528
460.5 0.00145755
462 0.00146229
463.5 0.00146704
465 0.00147179
466.5 0.00147654
468 0.00148128
469.5 0.00148603
471 0.00149078
472.5 0.00149553
474 0.00150028
475.5 0.00150502
477 0.00150977
478.5 0.00151452
480 0.00151927
481.5 0.00152401
483 0.00152876
484.5 0.00153351
486 0.00153826
487.5 0.001543
489 0.00154775
490.5 0.0015525
492 0.00155725
493.5 0.001562
495 0.00156674
496.5 0.00157149
498 0.00157624
499.5 0.00158099
501 0.00158573
502.5 0.00159048
504 0.00159523
505.5 0.00159998
507 0.00160472
508.5 0.00160947
510 0.00161422
511.5 0.00161897
513 0.00162372
514.5 0.00162846
516 0.00163321
517.5 0.00163796
519 0.00164271
520.5 0.00164745
522 0.0016522
523.5 0.00165695
525 0.0016617
526.5 0.00166644
528 0.00167119
529.5 0.00167594
531 0.00168069
532.5 0.00168544
534 0.00169018
535.5 0.00169493
537 0.00169968
538.5 0.00170443
540 0.00170917
541.5 0.00171392
543 0.00171867
544.5 0.00172342
546 0.00172817
547.5 0.00173291
549 0.00173766
550.5 0.00174241
552 0.00174716
553.5 0.0017519
555 0.00175665
556.5 0.0017614
558 0.00176615
559.5 0.00177089
561 0.00177564
562.5 0.00178039
564 0.00178514
565.5 0.00178989
567 0.00179463
568.5 0.00179938
570 0.00180413
571.5 0.00180888
573 0.00181362
574.5 0.00181837
576 0.00182312
577.5 0.00182787
579 0.00183261
580.5 0.00183736
582 0.00184211
583.5 0.00184686
585 0.00185161
586.5 0.00185635
588 0.0018611
589.5 0.00186585
591 0.0018706
592.5 0.00187534
594 0.00188009
595.5 0.00188484
597 0.00188959
598.5 0.00189433

